<?xml version="1.0"?>
<opencv_storage>
<Intrinsics3 type_id="opencv-matrix">
  <rows>3</rows>
  <cols>3</cols>
  <dt>f</dt>
  <data>
    7.44303040e+02 0. 3.76416321e+02 0. 7.50886780e+02 4.23515533e+02 0.
    0. 1.</data></Intrinsics3>
</opencv_storage>
