<?xml version="1.0"?>
<opencv_storage>
<Intrinsics2 type_id="opencv-matrix">
  <rows>3</rows>
  <cols>3</cols>
  <dt>f</dt>
  <data>
    7.06991699e+02 0. 4.38304321e+02 0. 7.08734070e+02 3.25680359e+02 0.
    0. 1.</data></Intrinsics2>
</opencv_storage>
